# Data for individuals that have both genotypes and trait values
# N = 140
# 
# KCF
# 04/06/21
ind_code	Pal	Ste	ol	lin	sat	unsat	lat	lon	bio1	bio2	bio3	bio4	bio5	bio6	bio7	bio8	bio9	bio10	bio11	bio12	bio13	bio14	bio15	bio16	bio17	bio18	bio19	pop_code	usda_pop	deme	block
413160-1	6.01804	4.4316	31.37059	58.17977	10.44964	89.55036	31.03972222	-104.83027778	168	172	46	7314	346	-24	370	248	126	259	71	298	58	6	74	160	21	138	32	TX1	413160	south	1
413160-12	5.613	1.204	23.942	69.241	6.817	93.183	31.03972222	-104.83027778	168	172	46	7314	346	-24	370	248	126	259	71	298	58	6	74	160	21	138	32	TX1	413160	south	2
413160-13	6.12979	2.79922	18.73769	72.33331	8.92901	91.071	31.03972222	-104.83027778	168	172	46	7314	346	-24	370	248	126	259	71	298	58	6	74	160	21	138	32	TX1	413160	south	2
413160-15	4.784	1.249	30.378	63.588	6.033	93.966	31.03972222	-104.83027778	168	172	46	7314	346	-24	370	248	126	259	71	298	58	6	74	160	21	138	32	TX1	413160	south	3
413160-16	5.11437	2.51063	36.84371	55.53128	7.625	92.37499	31.03972222	-104.83027778	168	172	46	7314	346	-24	370	248	126	259	71	298	58	6	74	160	21	138	32	TX1	413160	south	3
413160-19	6.455	1.09	47.924	44.531	7.545	92.455	31.03972222	-104.83027778	168	172	46	7314	346	-24	370	248	126	259	71	298	58	6	74	160	21	138	32	TX1	413160	south	3
413160-2	4.244	1.168	46.541	48.047	5.412	94.588	31.03972222	-104.83027778	168	172	46	7314	346	-24	370	248	126	259	71	298	58	6	74	160	21	138	32	TX1	413160	south	1
413160-20	5.13781	2.53704	23.17374	69.15141	7.67485	92.32515	31.03972222	-104.83027778	168	172	46	7314	346	-24	370	248	126	259	71	298	58	6	74	160	21	138	32	TX1	413160	south	4
413160-21	4.65686	3.35822	33.06487	58.92006	8.01508	91.98493	31.03972222	-104.83027778	168	172	46	7314	346	-24	370	248	126	259	71	298	58	6	74	160	21	138	32	TX1	413160	south	4
413160-22	4.9993	3.00491	31.36341	60.83237	8.00421	92.19578	31.03972222	-104.83027778	168	172	46	7314	346	-24	370	248	126	259	71	298	58	6	74	160	21	138	32	TX1	413160	south	4
413160-24	4.76658	2.43604	31.79967	60.99772	7.20262	92.79739	31.03972222	-104.83027778	168	172	46	7314	346	-24	370	248	126	259	71	298	58	6	74	160	21	138	32	TX1	413160	south	4
413160-3	5.40216	2.47755	39.43263	52.68766	7.87971	92.12029	31.03972222	-104.83027778	168	172	46	7314	346	-24	370	248	126	259	71	298	58	6	74	160	21	138	32	TX1	413160	south	1
413160-7	4.61491	2.85278	37.76184	54.77047	7.46769	92.53231	31.03972222	-104.83027778	168	172	46	7314	346	-24	370	248	126	259	71	298	58	6	74	160	21	138	32	TX1	413160	south	1
413160-8	5.39	1.098	38.456	55.056	6.488	93.512	31.03972222	-104.83027778	168	172	46	7314	346	-24	370	248	126	259	71	298	58	6	74	160	21	138	32	TX1	413160	south	2
413160-9	5.118	1.448	21.765	71.668	6.566	93.433	31.03972222	-104.83027778	168	172	46	7314	346	-24	370	248	126	259	71	298	58	6	74	160	21	138	32	TX1	413160	south	2
468476-1	5.25849	2.58579	34.90581	57.24991	7.84428	92.15572	31.27277778	-102.69222222	185	170	44	7772	363	-19	382	239	102	281	81	313	60	9	54	132	32	101	36	TX3	468476	south	1
468476-10	5.261	1.342	23.401	69.996	6.603	93.397	31.27277778	-102.69222222	185	170	44	7772	363	-19	382	239	102	281	81	313	60	9	54	132	32	101	36	TX3	468476	south	2
468476-11	4.621	1.615	28.718	65.045	6.236	93.763	31.27277778	-102.69222222	185	170	44	7772	363	-19	382	239	102	281	81	313	60	9	54	132	32	101	36	TX3	468476	south	3
468476-12	4.623	1.343	36.686	57.347	5.966	94.033	31.27277778	-102.69222222	185	170	44	7772	363	-19	382	239	102	281	81	313	60	9	54	132	32	101	36	TX3	468476	south	3
468476-15	5.01731	3.17042	34.45192	57.36036	8.18773	91.81228	31.27277778	-102.69222222	185	170	44	7772	363	-19	382	239	102	281	81	313	60	9	54	132	32	101	36	TX3	468476	south	3
468476-19	4.76329	2.81113	35.15929	57.26629	7.57442	92.42558	31.27277778	-102.69222222	185	170	44	7772	363	-19	382	239	102	281	81	313	60	9	54	132	32	101	36	TX3	468476	south	4
468476-2	5.37699	2.55464	20.76853	71.29984	7.93163	92.06837	31.27277778	-102.69222222	185	170	44	7772	363	-19	382	239	102	281	81	313	60	9	54	132	32	101	36	TX3	468476	south	1
468476-4	3.979	1.579	46.981	47.461	5.558	94.442	31.27277778	-102.69222222	185	170	44	7772	363	-19	382	239	102	281	81	313	60	9	54	132	32	101	36	TX3	468476	south	1
468476-5	4.87853	2.64453	34.52084	57.9561	7.52306	92.47694	31.27277778	-102.69222222	185	170	44	7772	363	-19	382	239	102	281	81	313	60	9	54	132	32	101	36	TX3	468476	south	1
468476-6	4.944	1.216	23.307	70.534	6.16	93.841	31.27277778	-102.69222222	185	170	44	7772	363	-19	382	239	102	281	81	313	60	9	54	132	32	101	36	TX3	468476	south	2
468476-7	4.92642	0.58571	27.73804	66.74982	5.51213	94.48786	31.27277778	-102.69222222	185	170	44	7772	363	-19	382	239	102	281	81	313	60	9	54	132	32	101	36	TX3	468476	south	2
468476-8	4.78321	2.85377	36.24256	56.12047	7.63698	92.36303	31.27277778	-102.69222222	185	170	44	7772	363	-19	382	239	102	281	81	313	60	9	54	132	32	101	36	TX3	468476	south	2
468476-9	5.33653	2.17801	37.77975	54.70571	7.51454	92.48546	31.27277778	-102.69222222	185	170	44	7772	363	-19	382	239	102	281	81	313	60	9	54	132	32	101	36	TX3	468476	south	2
468477-12	4.83134	3.45113	43.34489	48.37264	8.28247	91.71753	35.19222222	-102.10722222	136	159	41	8133	326	-60	386	241	31	241	31	479	80	12	60	219	40	219	40	TX4	468477	south	3
468477-14	4.992	1.566	36.007	57.435	6.558	93.442	35.19222222	-102.10722222	136	159	41	8133	326	-60	386	241	31	241	31	479	80	12	60	219	40	219	40	TX4	468477	south	3
468477-3	4.93037	2.36744	35.65581	57.04638	7.29781	92.70219	35.19222222	-102.10722222	136	159	41	8133	326	-60	386	241	31	241	31	479	80	12	60	219	40	219	40	TX4	468477	south	1
468477-5	5.21469	2.5286	42.8549	49.49181	7.74329	92.34671	35.19222222	-102.10722222	136	159	41	8133	326	-60	386	241	31	241	31	479	80	12	60	219	40	219	40	TX4	468477	south	1
468477-7	5.0716	2.43069	35.91359	56.58412	7.50229	92.49771	35.19222222	-102.10722222	136	159	41	8133	326	-60	386	241	31	241	31	479	80	12	60	219	40	219	40	TX4	468477	south	2
468477-8	4.73441	3.59279	31.35005	60.32275	8.3272	91.6728	35.19222222	-102.10722222	136	159	41	8133	326	-60	386	241	31	241	31	479	80	12	60	219	40	219	40	TX4	468477	south	2
468477-9	4.47766	3.45915	46.44927	45.61392	7.93681	92.06319	35.19222222	-102.10722222	136	159	41	8133	326	-60	386	241	31	241	31	479	80	12	60	219	40	219	40	TX4	468477	south	2
468482-14	4.48979	1.89841	32.02226	61.58954	6.3882	93.6118	35.19888889	-100.79888889	143	151	38	8382	337	-53	390	229	33	250	33	570	94	13	55	240	50	223	50	TX5	468482	south	3
468482-3	4.126	1.232	44.985	49.657	5.358	94.642	35.19888889	-100.79888889	143	151	38	8382	337	-53	390	229	33	250	33	570	94	13	55	240	50	223	50	TX5	468482	south	1
468482-5	4.30339	2.47226	55.92844	37.29591	6.77565	93.22435	35.19888889	-100.79888889	143	151	38	8382	337	-53	390	229	33	250	33	570	94	13	55	240	50	223	50	TX5	468482	south	1
468482-6	4.25935	2.1746	42.98443	50.58162	6.43395	93.56605	35.19888889	-100.79888889	143	151	38	8382	337	-53	390	229	33	250	33	570	94	13	55	240	50	223	50	TX5	468482	south	2
468482-8	4.2401	2.64779	45.46576	47.64635	6.88789	93.11211	35.19888889	-100.79888889	143	151	38	8382	337	-53	390	229	33	250	33	570	94	13	55	240	50	223	50	TX5	468482	south	2
468482-9	4.30007	2.65816	41.42037	51.62139	6.95823	93.04176	35.19888889	-100.79888889	143	151	38	8382	337	-53	390	229	33	250	33	570	94	13	55	240	50	223	50	TX5	468482	south	2
468486-2	4.535	1.269	43.592	50.603	5.804	94.195	35.41194444	-99.40388889	152	141	35	8859	348	-47	395	201	35	264	35	669	112	17	50	260	66	215	66	OK1	468486	south	1
468486-3	4.92986	2.5629	29.80444	62.70281	7.49276	92.50725	35.41194444	-99.40388889	152	141	35	8859	348	-47	395	201	35	264	35	669	112	17	50	260	66	215	66	OK1	468486	south	1
468486-4	4.2969	2.19191	40.121	53.39018	6.48881	93.51118	35.41194444	-99.40388889	152	141	35	8859	348	-47	395	201	35	264	35	669	112	17	50	260	66	215	66	OK1	468486	south	1
468486-6	3.655	1.199	27.915	67.23	4.854	95.145	35.41194444	-99.40388889	152	141	35	8859	348	-47	395	201	35	264	35	669	112	17	50	260	66	215	66	OK1	468486	south	1
531035-1	4.57122	0.66116	44.22139	50.54623	5.23238	94.76762	46.6	-108.53333333	75	158	37	9015	302	-123	425	167	-29	194	-39	350	67	10	61	165	36	133	36	MT1	531035	north	1
531035-10	4.01061	2.08702	45.05471	48.84766	6.09763	93.90237	46.6	-108.53333333	75	158	37	9015	302	-123	425	167	-29	194	-39	350	67	10	61	165	36	133	36	MT1	531035	north	2
531035-11	3.81461	1.4512	59.6566	35.07759	5.26581	94.73419	46.6	-108.53333333	75	158	37	9015	302	-123	425	167	-29	194	-39	350	67	10	61	165	36	133	36	MT1	531035	north	3
531035-14	3.92998	0.63754	40.55997	54.87251	4.56752	95.43248	46.6	-108.53333333	75	158	37	9015	302	-123	425	167	-29	194	-39	350	67	10	61	165	36	133	36	MT1	531035	north	3
531035-16	3.338	0.616	69.196	26.85	3.954	96.046	46.6	-108.53333333	75	158	37	9015	302	-123	425	167	-29	194	-39	350	67	10	61	165	36	133	36	MT1	531035	north	3
531035-17	3.83742	0.32916	39.92563	55.90778	4.16658	95.83341	46.6	-108.53333333	75	158	37	9015	302	-123	425	167	-29	194	-39	350	67	10	61	165	36	133	36	MT1	531035	north	3
531035-2	3.72905	0.63425	40.47127	55.16542	4.3633	95.63669	46.6	-108.53333333	75	158	37	9015	302	-123	425	167	-29	194	-39	350	67	10	61	165	36	133	36	MT1	531035	north	1
531035-22	4.41927	1.98607	35.75503	57.83963	6.40534	93.59466	46.6	-108.53333333	75	158	37	9015	302	-123	425	167	-29	194	-39	350	67	10	61	165	36	133	36	MT1	531035	north	4
531035-24	6.92079	1.78267	31.50614	59.7904	8.70346	91.29654	46.6	-108.53333333	75	158	37	9015	302	-123	425	167	-29	194	-39	350	67	10	61	165	36	133	36	MT1	531035	north	4
531035-4	3.75852	0.71497	50.04765	45.47785	4.47349	95.5255	46.6	-108.53333333	75	158	37	9015	302	-123	425	167	-29	194	-39	350	67	10	61	165	36	133	36	MT1	531035	north	1
531035-5	2.715	0.794	40.599	55.893	3.509	96.492	46.6	-108.53333333	75	158	37	9015	302	-123	425	167	-29	194	-39	350	67	10	61	165	36	133	36	MT1	531035	north	1
531035-6	4.13343	0.61817	40.42116	54.82724	4.7516	95.2484	46.6	-108.53333333	75	158	37	9015	302	-123	425	167	-29	194	-39	350	67	10	61	165	36	133	36	MT1	531035	north	2
531035-7	4.81487	0.80561	37.86396	56.51556	5.62048	94.37952	46.6	-108.53333333	75	158	37	9015	302	-123	425	167	-29	194	-39	350	67	10	61	165	36	133	36	MT1	531035	north	2
531035-8	2.942	1.285	31.584	64.189	4.227	95.773	46.6	-108.53333333	75	158	37	9015	302	-123	425	167	-29	194	-39	350	67	10	61	165	36	133	36	MT1	531035	north	2
586817-10	5.80286	1.51433	28.62011	64.0627	7.31719	92.68281	46.66666667	-105.26666667	64	154	32	10842	307	-167	474	175	-80	202	-80	326	67	7	66	160	26	137	26	MT2	586817	north	2
586817-11	4.20117	2.45581	49.90344	43.43958	6.65698	93.34302	46.66666667	-105.26666667	64	154	32	10842	307	-167	474	175	-80	202	-80	326	67	7	66	160	26	137	26	MT2	586817	north	3
586817-12	2.923	0.728	25.708	70.641	3.651	96.349	46.66666667	-105.26666667	64	154	32	10842	307	-167	474	175	-80	202	-80	326	67	7	66	160	26	137	26	MT2	586817	north	3
586817-13	4.445	1.781	21.043	72.731	6.226	93.774	46.66666667	-105.26666667	64	154	32	10842	307	-167	474	175	-80	202	-80	326	67	7	66	160	26	137	26	MT2	586817	north	3
586817-14	3.89868	1.61935	22.37237	72.10961	5.51803	94.48198	46.66666667	-105.26666667	64	154	32	10842	307	-167	474	175	-80	202	-80	326	67	7	66	160	26	137	26	MT2	586817	north	3
586817-17	3.924	0	25.922	70.154	3.924	96.076	46.66666667	-105.26666667	64	154	32	10842	307	-167	474	175	-80	202	-80	326	67	7	66	160	26	137	26	MT2	586817	north	4
586817-2	4.44585	2.35681	37.13441	56.06293	6.80266	93.19734	46.66666667	-105.26666667	64	154	32	10842	307	-167	474	175	-80	202	-80	326	67	7	66	160	26	137	26	MT2	586817	north	1
586817-21	4.786	0	9.495	85.72	4.786	95.215	46.66666667	-105.26666667	64	154	32	10842	307	-167	474	175	-80	202	-80	326	67	7	66	160	26	137	26	MT2	586817	north	4
586817-7	5.394	0.706	29.806	64.094	6.1	93.9	46.66666667	-105.26666667	64	154	32	10842	307	-167	474	175	-80	202	-80	326	67	7	66	160	26	137	26	MT2	586817	north	2
586817-8	4.349	0.679	29.675	65.297	5.028	94.972	46.66666667	-105.26666667	64	154	32	10842	307	-167	474	175	-80	202	-80	326	67	7	66	160	26	137	26	MT2	586817	north	2
586817-9	4.44986	1.51007	34.4924	59.54767	5.95993	94.04007	46.66666667	-105.26666667	64	154	32	10842	307	-167	474	175	-80	202	-80	326	67	7	66	160	26	137	26	MT2	586817	north	2
586870-1	3.127	0.906	30.211	65.756	4.033	95.967	41.1	-97.66666667	102	132	30	10460	314	-115	429	211	-37	234	-37	703	106	13	54	296	53	270	53	NE1	586870	south	1
586870-12	5.29	0.89	19.282	74.537	6.18	93.819	41.1	-97.66666667	102	132	30	10460	314	-115	429	211	-37	234	-37	703	106	13	54	296	53	270	53	NE1	586870	south	3
586870-15	4.107	0.952	19.941	75	5.059	94.941	41.1	-97.66666667	102	132	30	10460	314	-115	429	211	-37	234	-37	703	106	13	54	296	53	270	53	NE1	586870	south	3
586870-19	4.34122	2.30227	27.45024	65.90627	6.64349	93.35651	41.1	-97.66666667	102	132	30	10460	314	-115	429	211	-37	234	-37	703	106	13	54	296	53	270	53	NE1	586870	north	4
586870-2	3.465	1.059	33.798	61.677	4.524	95.475	41.1	-97.66666667	102	132	30	10460	314	-115	429	211	-37	234	-37	703	106	13	54	296	53	270	53	NE1	586870	south	1
586870-20	4.41182	2.09882	33.52256	59.9668	6.51064	93.48936	41.1	-97.66666667	102	132	30	10460	314	-115	429	211	-37	234	-37	703	106	13	54	296	53	270	53	NE1	586870	south	4
586870-21	3.802	0.826	20.798	74.573	4.628	95.371	41.1	-97.66666667	102	132	30	10460	314	-115	429	211	-37	234	-37	703	106	13	54	296	53	270	53	NE1	586870	south	4
586870-6	3.734	1.036	29.18	66.05	4.77	95.23	41.1	-97.66666667	102	132	30	10460	314	-115	429	211	-37	234	-37	703	106	13	54	296	53	270	53	NE1	586870	south	2
592311-1	3.22951	1.56806	53.76876	41.43367	4.79757	95.20243	50.39361111	-108.48027778	36	126	27	11190	262	-190	452	152	-27	174	-113	347	67	14	55	156	44	153	50	SAS2	592311	north	1
592311-12	3.92734	1.91632	40.16346	53.99289	5.84366	94.15635	50.39361111	-108.48027778	36	126	27	11190	262	-190	452	152	-27	174	-113	347	67	14	55	156	44	153	50	SAS2	592311	north	2
592311-15	4.22114	2.04837	30.04187	63.68862	6.26951	93.73049	50.39361111	-108.48027778	36	126	27	11190	262	-190	452	152	-27	174	-113	347	67	14	55	156	44	153	50	SAS2	592311	north	3
592311-4	3.54972	1.5924	45.22001	49.63787	5.14212	94.85788	50.39361111	-108.48027778	36	126	27	11190	262	-190	452	152	-27	174	-113	347	67	14	55	156	44	153	50	SAS2	592311	north	1
592311-5	2.686	0.56	44.129	52.625	3.246	96.754	50.39361111	-108.48027778	36	126	27	11190	262	-190	452	152	-27	174	-113	347	67	14	55	156	44	153	50	SAS2	592311	north	1
592311-7	3.98343	0.50366	46.80435	48.70855	4.48709	95.5129	50.39361111	-108.48027778	36	126	27	11190	262	-190	452	152	-27	174	-113	347	67	14	55	156	44	153	50	SAS2	592311	north	1
592311-9	2.956	0.583	29.143	67.317	3.539	96.46	50.39361111	-108.48027778	36	126	27	11190	262	-190	452	152	-27	174	-113	347	67	14	55	156	44	153	50	SAS2	592311	north	2
592316-1	2.99789	1.12479	48.37571	47.50162	4.12268	95.87733	50.66	-105.66472222	30	125	26	12076	264	-214	478	154	-35	177	-133	368	66	15	52	163	52	159	53	SAS3	592316	north	1
592316-10	3.41338	1.20157	38.10472	57.28033	4.61495	95.38505	50.66	-105.66472222	30	125	26	12076	264	-214	478	154	-35	177	-133	368	66	15	52	163	52	159	53	SAS3	592316	north	2
592316-11	3.1908	1.15991	35.39285	60.25644	4.35071	95.64929	50.66	-105.66472222	30	125	26	12076	264	-214	478	154	-35	177	-133	368	66	15	52	163	52	159	53	SAS3	592316	north	2
592316-12	3.50465	1.26149	33.61628	61.61758	4.76614	95.23386	50.66	-105.66472222	30	125	26	12076	264	-214	478	154	-35	177	-133	368	66	15	52	163	52	159	53	SAS3	592316	north	3
592316-13	2.982	0.377	52.894	43.648	3.359	96.542	50.66	-105.66472222	30	125	26	12076	264	-214	478	154	-35	177	-133	368	66	15	52	163	52	159	53	SAS3	592316	north	3
592316-14	3.95809	0.55882	43.56633	51.91676	4.51691	95.48309	50.66	-105.66472222	30	125	26	12076	264	-214	478	154	-35	177	-133	368	66	15	52	163	52	159	53	SAS3	592316	north	3
592316-15	2.03	0.575	42.68	54.715	2.605	97.395	50.66	-105.66472222	30	125	26	12076	264	-214	478	154	-35	177	-133	368	66	15	52	163	52	159	53	SAS3	592316	north	3
592316-16	3.44777	0.38974	40.09903	56.06346	3.83751	96.16249	50.66	-105.66472222	30	125	26	12076	264	-214	478	154	-35	177	-133	368	66	15	52	163	52	159	53	SAS3	592316	north	3
592316-17	2.477	0.552	36.499	60.472	3.029	96.971	50.66	-105.66472222	30	125	26	12076	264	-214	478	154	-35	177	-133	368	66	15	52	163	52	159	53	SAS3	592316	north	4
592316-2	3.21069	0.42674	45.64225	50.72032	3.63743	96.36257	50.66	-105.66472222	30	125	26	12076	264	-214	478	154	-35	177	-133	368	66	15	52	163	52	159	53	SAS3	592316	north	1
592316-3	2.509	0.434	37.455	59.602	2.943	97.057	50.66	-105.66472222	30	125	26	12076	264	-214	478	154	-35	177	-133	368	66	15	52	163	52	159	53	SAS3	592316	north	1
592316-4	3.579	0	28.916	67.505	3.579	96.421	50.66	-105.66472222	30	125	26	12076	264	-214	478	154	-35	177	-133	368	66	15	52	163	52	159	53	SAS3	592316	north	1
592316-5	2.86671	1.84658	47.15167	48.13504	4.71329	95.28671	50.66	-105.66472222	30	125	26	12076	264	-214	478	154	-35	177	-133	368	66	15	52	163	52	159	53	SAS3	592316	north	1
592316-6	1.915	0	36.421	61.664	1.915	98.085	50.66	-105.66472222	30	125	26	12076	264	-214	478	154	-35	177	-133	368	66	15	52	163	52	159	53	SAS3	592316	north	2
592316-7	2.782	0.491	25.01	71.718	3.273	96.728	50.66	-105.66472222	30	125	26	12076	264	-214	478	154	-35	177	-133	368	66	15	52	163	52	159	53	SAS3	592316	north	2
592316-9	3.56234	1.29331	22.35936	72.78499	4.85565	95.14435	50.66	-105.66472222	30	125	26	12076	264	-214	478	154	-35	177	-133	368	66	15	52	163	52	159	53	SAS3	592316	north	2
592320-10	3.2539	0.46753	29.05824	67.22033	3.72143	96.27857	50.0475	-104.70722222	30	130	27	12187	268	-212	480	156	-112	179	-134	370	67	12	59	172	44	164	44	SAS1	592320	north	2
592320-11	3.60405	0.56816	35.61939	60.20839	4.17221	95.82778	50.0475	-104.70722222	30	130	27	12187	268	-212	480	156	-112	179	-134	370	67	12	59	172	44	164	44	SAS1	592320	north	2
592320-13	3.51323	0.54592	38.06458	57.87627	4.05915	95.94085	50.0475	-104.70722222	30	130	27	12187	268	-212	480	156	-112	179	-134	370	67	12	59	172	44	164	44	SAS1	592320	north	2
592320-14	3.0951	0.26922	31.56287	65.07281	3.36432	96.63568	50.0475	-104.70722222	30	130	27	12187	268	-212	480	156	-112	179	-134	370	67	12	59	172	44	164	44	SAS1	592320	north	2
592320-16	2.069	0.31	30.273	67.347	2.379	97.62	50.0475	-104.70722222	30	130	27	12187	268	-212	480	156	-112	179	-134	370	67	12	59	172	44	164	44	SAS1	592320	north	3
592320-21	2.09	0.303	32.567	65.04	2.393	97.607	50.0475	-104.70722222	30	130	27	12187	268	-212	480	156	-112	179	-134	370	67	12	59	172	44	164	44	SAS1	592320	north	3
592320-24	2.029	0.573	31.647	65.751	2.602	97.398	50.0475	-104.70722222	30	130	27	12187	268	-212	480	156	-112	179	-134	370	67	12	59	172	44	164	44	SAS1	592320	north	4
592320-28	2.188	0.522	27.721	69.569	2.71	97.29	50.0475	-104.70722222	30	130	27	12187	268	-212	480	156	-112	179	-134	370	67	12	59	172	44	164	44	SAS1	592320	north	4
592320-6	2.331	0.534	29.063	68.071	2.865	97.134	50.0475	-104.70722222	30	130	27	12187	268	-212	480	156	-112	179	-134	370	67	12	59	172	44	164	44	SAS1	592320	north	1
613750-10	2.638	0.287	23.524	73.551	2.925	97.075	46.87916667	-102.78916667	54	138	30	10816	283	-173	456	163	-89	190	-89	415	88	9	68	205	30	188	30	ND1	613750	north	2
613750-11	3.5986	1.90495	30.81746	63.67898	5.50355	94.49644	46.87916667	-102.78916667	54	138	30	10816	283	-173	456	163	-89	190	-89	415	88	9	68	205	30	188	30	ND1	613750	north	3
613750-13	3.055	0.389	14.892	81.665	3.444	96.557	46.87916667	-102.78916667	54	138	30	10816	283	-173	456	163	-89	190	-89	415	88	9	68	205	30	188	30	ND1	613750	north	3
613750-14	3.22975	1.46364	19.53281	75.7738	4.69339	95.30661	46.87916667	-102.78916667	54	138	30	10816	283	-173	456	163	-89	190	-89	415	88	9	68	205	30	188	30	ND1	613750	north	3
613750-18	3.64411	1.95873	18.92637	75.4708	5.60284	94.39717	46.87916667	-102.78916667	54	138	30	10816	283	-173	456	163	-89	190	-89	415	88	9	68	205	30	188	30	ND1	613750	north	4
613750-19	3.67542	1.19401	19.05751	76.07305	4.86943	95.13056	46.87916667	-102.78916667	54	138	30	10816	283	-173	456	163	-89	190	-89	415	88	9	68	205	30	188	30	ND1	613750	north	4
613750-2	3.69715	1.64877	22.49095	72.16313	5.34592	94.65408	46.87916667	-102.78916667	54	138	30	10816	283	-173	456	163	-89	190	-89	415	88	9	68	205	30	188	30	ND1	613750	north	1
613750-23	3.78208	2.05768	21.53383	72.62642	5.83976	94.16025	46.87916667	-102.78916667	54	138	30	10816	283	-173	456	163	-89	190	-89	415	88	9	68	205	30	188	30	ND1	613750	north	4
613750-26	3.24517	1.55491	30.21994	64.97998	4.80008	95.19992	46.87916667	-102.78916667	54	138	30	10816	283	-173	456	163	-89	190	-89	415	88	9	68	205	30	188	30	ND1	613750	north	4
613750-3	3.39484	1.76529	34.50695	60.33292	5.16013	94.83987	46.87916667	-102.78916667	54	138	30	10816	283	-173	456	163	-89	190	-89	415	88	9	68	205	30	188	30	ND1	613750	north	1
613750-4	3.242	0.549	16.754	79.455	3.791	96.209	46.87916667	-102.78916667	54	138	30	10816	283	-173	456	163	-89	190	-89	415	88	9	68	205	30	188	30	ND1	613750	north	1
613750-5	3.87099	1.5872	23.24385	71.29796	5.45819	94.54181	46.87916667	-102.78916667	54	138	30	10816	283	-173	456	163	-89	190	-89	415	88	9	68	205	30	188	30	ND1	613750	north	1
613750-6	3.72319	1.78381	23.36927	71.12373	5.507	94.493	46.87916667	-102.78916667	54	138	30	10816	283	-173	456	163	-89	190	-89	415	88	9	68	205	30	188	30	ND1	613750	north	2
613750-7	3.96064	1.76955	24.95781	69.312	5.73019	94.26981	46.87916667	-102.78916667	54	138	30	10816	283	-173	456	163	-89	190	-89	415	88	9	68	205	30	188	30	ND1	613750	north	2
613750-8	3.51037	1.5683	25.99801	68.92332	5.07867	94.92133	46.87916667	-102.78916667	54	138	30	10816	283	-173	456	163	-89	190	-89	415	88	9	68	205	30	188	30	ND1	613750	north	2
613750-9	3.98167	2.01293	23.3501	70.65529	5.9946	94.00539	46.87916667	-102.78916667	54	138	30	10816	283	-173	456	163	-89	190	-89	415	88	9	68	205	30	188	30	ND1	613750	north	2
649806-12	5.0629	1.63814	32.24443	61.05454	6.70104	93.29897	41.41777778	-104.09777778	80	158	39	8526	299	-102	401	166	-24	194	-24	439	74	12	55	201	42	168	42	WY1	649806	north	3
649806-16	4.506	0.787	26.09	68.616	5.293	94.706	41.41777778	-104.09777778	80	158	39	8526	299	-102	401	166	-24	194	-24	439	74	12	55	201	42	168	42	WY1	649806	north	4
649806-19	3.90111	1.85165	50.5945	43.65273	5.75276	94.24723	41.41777778	-104.09777778	80	158	39	8526	299	-102	401	166	-24	194	-24	439	74	12	55	201	42	168	42	WY1	649806	north	4
649806-3	4.03818	1.43731	42.11528	52.40923	5.47549	94.52451	41.41777778	-104.09777778	80	158	39	8526	299	-102	401	166	-24	194	-24	439	74	12	55	201	42	168	42	WY1	649806	north	1
649806-6	4.4362	1.81981	47.39218	46.3518	6.25601	93.74398	41.41777778	-104.09777778	80	158	39	8526	299	-102	401	166	-24	194	-24	439	74	12	55	201	42	168	42	WY1	649806	north	2
649806-7	4.06227	2.05025	44.42541	49.46207	6.11252	93.88748	41.41777778	-104.09777778	80	158	39	8526	299	-102	401	166	-24	194	-24	439	74	12	55	201	42	168	42	WY1	649806	north	2
649806-9	4.48877	1.53006	50.47965	43.50152	6.01883	93.98117	41.41777778	-104.09777778	80	158	39	8526	299	-102	401	166	-24	194	-24	439	74	12	55	201	42	168	42	WY1	649806	north	2
659440-10	4.09869	0.8476	29.67152	65.38219	4.94629	95.05371	41.2105	-101.649	95	152	34	9967	319	-118	437	197	-34	224	-34	443	77	12	60	210	40	175	40	NE2	659440	north	2
659440-13	4.58755	1.54616	31.71495	62.15133	6.13371	93.86628	41.2105	-101.649	95	152	34	9967	319	-118	437	197	-34	224	-34	443	77	12	60	210	40	175	40	NE2	659440	south	3
659440-16	3.204	1.277	70.861	24.658	4.481	95.519	41.2105	-101.649	95	152	34	9967	319	-118	437	197	-34	224	-34	443	77	12	60	210	40	175	40	NE2	659440	south	3
659440-2	3.61736	1.86363	47.57532	46.9437	5.48099	94.51902	41.2105	-101.649	95	152	34	9967	319	-118	437	197	-34	224	-34	443	77	12	60	210	40	175	40	NE2	659440	south	1
659440-5	4.70522	2.09779	34.76402	58.43296	6.80301	93.19698	41.2105	-101.649	95	152	34	9967	319	-118	437	197	-34	224	-34	443	77	12	60	210	40	175	40	NE2	659440	south	1
659440-7	3.62277	1.84102	32.84346	61.69274	5.46379	94.5362	41.2105	-101.649	95	152	34	9967	319	-118	437	197	-34	224	-34	443	77	12	60	210	40	175	40	NE2	659440	south	2
659440-8	3.83704	1.97063	37.31841	56.87392	5.80767	94.19233	41.2105	-101.649	95	152	34	9967	319	-118	437	197	-34	224	-34	443	77	12	60	210	40	175	40	NE2	659440	south	2
